150 0 red 1.1
180 0 red 1
210 0 white 56
240 0 white 55
180 30 white 2
210 30 pink 0
240 30 white 54
180 60 white 3
210 60 pink 0
240 60 white 53
150 90 green 4.2
180 90 green 4
210 90 pink 0
240 90 green 52
270 90 green 52.2
180 120 white 5
210 120 pink 0
240 120 white 51
90 150 green 10.2
180 150 white 6
210 150 pink 0
240 150 white 50
330 150 green 46.2
420 150 red 43.1
0 180 white 13
30 180 white 12
60 180 white 11
90 180 green 10
120 180 white 9
150 180 white 8
180 180 white 7
210 180 blue 0.5
240 180 white 49
270 180 white 48
300 180 white 47
330 180 green 46
360 180 white 45
390 180 white 44
420 180 red 43
0 210 white 14
30 210 pink 0
60 210 pink 0
90 210 pink 0
120 210 pink 0
150 210 pink 0
180 210 blue 0.5
210 210 blue 0.5
240 210 blue 0.5
270 210 pink 0
300 210 pink 0
330 210 pink 0
360 210 pink 0
390 210 pink 0
420 210 white 42
0 240 red 15
30 240 white 16
60 240 white 17
90 240 green 18
120 240 white 19
150 240 white 20
180 240 white 21
210 240 blue 0.5
240 240 white 35
270 240 white 36
300 240 white 37
330 240 green 38
360 240 white 39
390 240 white 40
420 240 white 41
0 270 red 15.1
90 270 green 18.2
180 270 white 22
210 270 pink 0.3
240 270 white 34
330 270 green 38.2
180 300 white 23
210 300 pink 0.3
240 300 white 33
150 330 green 24.2
180 330 green 24
210 330 pink 0.3
240 330 green 32
270 330 green 32.2
180 360 white 25
210 360 pink 0.3
240 360 white 31
180 390 white 26
210 390 pink 0.3
240 390 white 30
180 420 white 27
210 420 white 28
240 420 red 29
270 420 red 29.1